2 1
3 3
4 1
5 5
6 1
7 5
8 3
9 1
10 3
11 5
12 1
13 3
14 8
15 8
16 7
17 9
18 18
19 18
20 9
21 13
22 11
23 3
24 14
25 22
28 26
29 22
30 15
31 5
32 25
33 11
34 29
35 11
36 27
37 5
38 19
39 33
40 6
41 18
42 30
43 42
44 9
45 19
46 29
47 39
49 8
50 16
51 24
52 32
53 40
54 48
56 6
57 12
58 18
59 24
60 30
61 36
62 42
63 48
64 54
65 60
66 66
67 4
68 8
69 12
70 16
71 20
72 24
73 28
74 32
75 36
76 40
77 44
78 48
79 52
80 56
81 60
82 64
83 68
84 72
85 76
86 80
87 84
88 88
89 2
90 4
91 6
92 8
93 10
94 12
95 14
96 16
97 18
98 20
99 22
100 24
101 26
102 28
103 30
104 32
105 34
106 36
107 38
108 40
109 42
110 44
111 46
112 48
113 50
114 52
115 54
116 56
117 58
118 60
119 62
120 64
121 66
122 68
123 70
124 72
125 74
126 76
127 78
128 80
129 82
130 84
131 86
132 88
133 90
134 92
135 94
136 96
137 98
138 100
139 102
140 104
141 106
142 108
143 110
144 112
145 114
146 116
147 118
148 120
149 122
150 124
151 126
152 128
153 130
154 132
155 134
156 136
157 138
158 140
159 142
160 144
161 146
162 148
163 150
164 152
165 154
166 156
167 158
168 160
169 162
170 164
171 166
172 168
173 170
174 172
175 174
176 176
